-329
113
error
error
-142
-516
-341
-93
519
944
710
-272
235
-785
-369
773
640
416
-719
831
595
418
524
error
error
error
error
error
error
254
-871
529
-285
error
512
45
608
-589
-517
192
-160
-383
-313
-651
398
error
error
error
error
error
742
-408
-883
546
-562
-576
-186
350
-449
875
-279
724
-518
151
860
-264
-472
242
-525
689
359
-172
526
-781
240
-583
725
681
-380
879
-646
763
-48
error
error
-277
974
-974
306
649
-148
509
660
-565
826
-625
-493
463
99
728
-771
-843
-726
917
525
-683
-805
947
-789
-73
524
-47
72
-886
112
762
175
94
-851
315
-878
123
156
385
-480
-763
-843
-839
62
-66
-306
-353
131
559
157
-308
394
212
276
-919
592
-706
810
-818
982
-417
964
-312
-767
539
23
-539
-65
-30
-502
-478
-113
-382
-570
-955
589
958
780
661
-693
118
318
-841
-167
-373
-976
error
-561
479
-170
8
-532
348
892
176
-83
-685
865
-58
617
-546
475
-661
124
315
error
error
error
error
error
480
93
892
-58
967
error
error
error
-673
-684
106
-501
-681
-318
80
673
591
658
252
784
-45
-600
error
732
-247
-12
763
912
-889


File is too long to be displayed fully